Independent Experiment Results (Throughput MT/s):
Threads,HashBits,Throughput
1,1,34.25
1,2,45.77
1,3,54.59
1,4,61.14
1,5,64.25
1,6,61.09
1,7,60.61
1,8,55.87
1,9,54.94
1,10,60.31
1,11,48.10
1,12,40.17
1,13,35.64
1,14,27.15
1,15,26.52
1,16,23.44
1,17,11.64
1,18,11.13
2,1,69.23
2,2,54.49
2,3,52.24
2,4,46.84
2,5,74.38
2,6,84.74
2,7,97.45
2,8,103.47
2,9,109.59
2,10,105.57
2,11,86.36
2,12,75.11
2,13,65.95
2,14,57.83
2,15,48.79
2,16,40.99
2,17,33.04
2,18,21.88
4,1,85.74
4,2,67.74
4,3,58.97
4,4,70.27
4,5,117.36
4,6,133.11
4,7,162.91
4,8,186.34
4,9,201.05
4,10,194.23
4,11,164.61
4,12,139.20
4,13,122.26
4,14,97.53
4,15,80.46
4,16,63.63
4,17,47.94
4,18,42.32
8,1,115.68
8,2,106.50
8,3,86.61
8,4,118.76
8,5,165.54
8,6,209.11
8,7,202.62
8,8,343.80
8,9,353.30
8,10,352.27
8,11,294.03
8,12,245.63
8,13,187.17
8,14,131.76
8,15,85.64
8,16,66.68
8,17,43.87
8,18,43.05
16,1,175.10
16,2,164.28
16,3,154.99
16,4,192.82
16,5,260.78
16,6,315.03
16,7,430.86
16,8,665.54
16,9,670.84
16,10,595.00
16,11,468.80
16,12,256.55
16,13,134.97
16,14,86.51
16,15,62.60
16,16,51.15
16,17,35.35
16,18,40.54
32,1,154.48
32,2,169.90
32,3,178.63
32,4,230.66
32,5,344.44
32,6,508.63
32,7,780.22
32,8,816.00
32,9,789.50
32,10,631.57
32,11,346.04
32,12,175.90
32,13,110.06
32,14,63.86
32,15,47.09
32,16,37.34
32,17,30.73
32,18,18.70
Independent Experiment Results (Throughput MT/s):
Threads,HashBits,Throughput
1,1,33.94
1,2,45.77
1,3,54.64
1,4,60.98
1,5,64.38
1,6,61.12
1,7,60.89
1,8,61.38
1,9,61.17
1,10,59.92
1,11,48.27
1,12,40.10
1,13,35.62
1,14,32.15
1,15,27.46
1,16,23.03
1,17,11.50
1,18,11.13
2,1,68.01
2,2,54.03
2,3,51.78
2,4,46.07
2,5,71.85
2,6,84.27
2,7,94.70
2,8,102.41
2,9,106.71
2,10,107.52
2,11,89.36
2,12,75.07
2,13,67.28
2,14,53.58
2,15,48.48
2,16,40.58
2,17,31.50
2,18,25.50
4,1,79.70
4,2,63.64
4,3,57.24
4,4,69.64
4,5,117.32
4,6,131.37
4,7,161.64
4,8,181.17
4,9,194.75
4,10,193.87
4,11,169.76
4,12,139.61
4,13,124.24
4,14,98.33
4,15,78.61
4,16,61.17
4,17,48.69
4,18,42.56
8,1,114.01
8,2,108.54
8,3,89.42
8,4,120.05
8,5,179.62
8,6,203.51
8,7,251.35
8,8,358.20
8,9,366.33
8,10,363.15
8,11,289.80
8,12,245.56
8,13,189.10
8,14,129.02
8,15,90.22
8,16,65.22
8,17,47.89
8,18,45.70
16,1,175.83
16,2,163.50
16,3,159.97
16,4,195.78
16,5,279.51
16,6,325.87
16,7,450.09
16,8,663.17
16,9,683.91
16,10,645.67
16,11,460.57
16,12,300.12
16,13,150.30
16,14,89.48
16,15,64.24
16,16,47.64
16,17,37.21
16,18,24.02
32,1,154.04
32,2,177.91
32,3,184.03
32,4,236.80
32,5,331.38
32,6,509.94
32,7,587.44
32,8,749.51
32,9,639.37
32,10,611.22
32,11,271.81
32,12,138.15
32,13,63.33
32,14,34.93
32,15,28.35
32,16,18.02
32,17,16.97
32,18,24.58
Independent Experiment Results (Throughput MT/s):
Threads,HashBits,Throughput
1,1,34.17
1,2,45.46
1,3,54.82
1,4,60.91
1,5,64.51
1,6,62.78
1,7,61.05
1,8,61.49
1,9,61.22
1,10,60.02
1,11,48.54
1,12,40.74
1,13,36.38
1,14,32.65
1,15,27.89
1,16,19.00
1,17,19.29
1,18,12.82
2,1,67.31
2,2,52.29
2,3,50.52
2,4,47.62
2,5,72.56
2,6,84.65
2,7,95.43
2,8,103.72
2,9,106.65
2,10,109.96
2,11,91.12
2,12,76.94
2,13,69.66
2,14,61.17
2,15,44.93
2,16,37.24
2,17,35.08
2,18,27.03
4,1,85.93
4,2,59.64
4,3,53.09
4,4,71.38
4,5,118.73
4,6,136.96
4,7,164.14
4,8,184.32
4,9,193.62
4,10,203.15
4,11,168.40
4,12,141.80
4,13,125.76
4,14,88.28
4,15,85.61
4,16,68.08
4,17,38.44
4,18,43.47
8,1,113.90
8,2,105.08
8,3,90.08
8,4,123.71
8,5,176.25
8,6,201.04
8,7,247.12
8,8,333.64
8,9,359.13
8,10,365.51
8,11,305.47
8,12,244.51
8,13,189.12
8,14,127.37
8,15,86.99
8,16,63.95
8,17,47.82
8,18,46.22
16,1,172.19
16,2,160.01
16,3,164.23
16,4,196.10
16,5,263.77
16,6,334.11
16,7,445.19
16,8,650.04
16,9,668.01
16,10,633.15
16,11,467.28
16,12,282.72
16,13,140.98
16,14,88.37
16,15,63.63
16,16,52.44
16,17,37.42
16,18,41.20
32,1,155.15
32,2,164.80
32,3,200.62
32,4,234.67
32,5,333.92
32,6,500.37
32,7,710.95
32,8,748.50
32,9,606.34
32,10,611.67
32,11,340.24
32,12,124.95
32,13,56.52
32,14,37.82
32,15,27.26
32,16,18.90
32,17,16.45
32,18,30.78
Independent Experiment Results (Throughput MT/s):
Threads,HashBits,Throughput
1,1,33.93
1,2,45.53
1,3,52.99
1,4,61.35
1,5,64.22
1,6,60.92
1,7,63.36
1,8,60.94
1,9,61.11
1,10,60.13
1,11,48.13
1,12,40.29
1,13,35.96
1,14,31.75
1,15,27.62
1,16,23.56
1,17,19.56
1,18,12.70
2,1,64.96
2,2,51.53
2,3,51.22
2,4,48.22
2,5,75.07
2,6,96.65
2,7,91.70
2,8,102.70
2,9,98.63
2,10,103.66
2,11,84.52
2,12,68.81
2,13,59.86
2,14,51.61
2,15,41.72
2,16,34.53
2,17,27.81
2,18,21.06
4,1,82.66
4,2,63.81
4,3,58.71
4,4,72.36
4,5,120.39
4,6,133.06
4,7,162.63
4,8,184.25
4,9,192.08
4,10,191.74
4,11,160.72
4,12,133.91
4,13,112.72
4,14,88.81
4,15,69.12
4,16,53.25
4,17,40.13
4,18,37.58
8,1,111.84
8,2,100.27
8,3,91.40
8,4,120.39
8,5,164.18
8,6,218.01
8,7,257.35
8,8,344.18
8,9,360.52
8,10,348.17
8,11,293.79
8,12,234.05
8,13,174.74
8,14,118.92
8,15,83.40
8,16,60.02
8,17,43.56
8,18,39.58
16,1,172.18
16,2,160.57
16,3,167.67
16,4,190.77
16,5,274.46
16,6,331.84
16,7,442.11
16,8,640.71
16,9,632.77
16,10,581.61
16,11,453.11
16,12,264.67
16,13,134.39
16,14,94.52
16,15,61.91
16,16,44.83
16,17,39.20
16,18,37.74
32,1,155.42
32,2,170.70
32,3,200.90
32,4,240.09
32,5,338.86
32,6,507.27
32,7,738.31
32,8,770.72
32,9,516.40
32,10,536.97
32,11,349.33
32,12,184.81
32,13,54.65
32,14,38.81
32,15,26.53
32,16,21.61
32,17,19.16
32,18,26.26
Independent Experiment Results (Throughput MT/s):
Threads,HashBits,Throughput
1,1,35.05
1,2,45.62
1,3,57.33
1,4,61.02
1,5,64.45
1,6,60.56
1,7,62.97
1,8,60.98
1,9,63.55
1,10,59.89
1,11,49.50
1,12,40.89
1,13,36.67
1,14,32.26
1,15,27.97
1,16,24.07
1,17,19.30
1,18,12.88
2,1,70.07
2,2,54.79
2,3,50.63
2,4,49.25
2,5,74.25
2,6,85.17
2,7,98.48
2,8,106.03
2,9,111.51
2,10,111.26
2,11,92.52
2,12,77.69
2,13,68.57
2,14,61.05
2,15,52.01
2,16,44.14
2,17,35.95
2,18,26.86
4,1,85.64
4,2,54.48
4,3,52.28
4,4,72.55
4,5,121.78
4,6,139.65
4,7,164.96
4,8,182.74
4,9,193.51
4,10,197.53
4,11,167.93
4,12,141.51
4,13,112.42
4,14,103.88
4,15,88.02
4,16,71.91
4,17,54.79
4,18,42.99
8,1,114.75
8,2,103.45
8,3,88.89
8,4,120.60
8,5,181.15
8,6,211.60
8,7,258.21
8,8,347.11
8,9,364.71
8,10,365.06
8,11,306.29
8,12,251.42
8,13,181.21
8,14,128.02
8,15,88.65
8,16,64.44
8,17,47.49
8,18,46.10
16,1,181.00
16,2,158.11
16,3,170.44
16,4,194.88
16,5,282.26
16,6,342.17
16,7,470.73
16,8,645.49
16,9,666.82
16,10,632.15
16,11,465.81
16,12,263.49
16,13,133.11
16,14,87.87
16,15,63.02
16,16,47.11
16,17,36.89
16,18,41.26
32,1,154.77
32,2,167.56
32,3,194.19
32,4,243.46
32,5,337.81
32,6,492.51
32,7,515.47
32,8,601.24
32,9,743.94
32,10,615.95
32,11,183.91
32,12,95.42
32,13,49.59
32,14,38.31
32,15,22.65
32,16,17.94
32,17,31.11
32,18,33.47
